States/UTs,Traffic Light Signal - Total number of Accidents,Traffic Light Signal - Persons Killed,Traffic Light Signal - Persons Injured - Greviously Injured,Traffic Light Signal - Persons Injured - Minor Injury,Traffic Light Signal - Persons Injured - Total Injured,Police Controlled - Total number of Accidents,Police Controlled - Persons Killed,Police Controlled - Persons Injured - Greviously Injured,Police Controlled - Persons Injured - Minor Injury,Police Controlled - Persons Injured - Total Injured,Stop Sign - Total number of Accidents,Stop Sign - Persons Killed,Stop Sign - Persons Injured - Greviously Injured,Stop Sign - Persons Injured - Minor Injury,Stop Sign - Persons Injured - Total Injured,Flashing Signal/Blinker - Total number of Accidents,Flashing Signal/Blinker - Persons Killed,Flashing Signal/Blinker - Persons Injured - Greviously Injured,Flashing Signal/Blinker - Persons Injured - Minor Injury,Flashing Signal/Blinker - Persons Injured - Total Injured,Uncontrolled - Total number of Accidents - Number,Uncontrolled - Total number of Accidents - Rank,Uncontrolled - Persons Killed - Number,Uncontrolled - Persons Killed - Rank,Uncontrolled - Persons Injured - Greviously Injured,Uncontrolled - Persons Injured - Minor Injury,Uncontrolled - Persons Injured - Total Injured,Others - Total number of Accidents,Others - Persons Killed,Others - Persons Injured - Greviously Injured,Others - Persons Injured - Minor Injury,Others - Persons Injured - Total Injured
Andhra Pradesh,1197,329,484,694,1178,847,222,260,509,769,670,277,246,424,670,314,129,104,166,270,4519,8,1699,6,1256,3198,4454,14445,5328,3940,13338,17278
Arunachal Pradesh,0,0,0,0,0,0,0,0,0,0,0,0,0,0,0,72,40,43,39,82,91,26,48,22,50,46,96,74,39,73,58,131
Assam,107,31,77,7,84,176,49,117,20,137,98,27,73,6,79,88,8,116,0,116,1163,17,413,17,834,145,979,6718,2680,5237,841,6078
Bihar,0,0,0,0,0,165,98,122,8,130,0,0,0,0,0,0,0,0,0,0,1363,16,877,13,745,70,815,8479,6230,6005,256,6261
Chhattisgarh,167,24,35,78,113,178,46,23,163,186,80,24,8,44,52,85,22,16,55,71,2856,11,972,12,430,1625,2055,10533,3915,2039,8574,10613
Goa,45,4,0,6,6,67,5,1,13,14,1,0,0,1,1,0,0,0,0,0,313,21,23,24,17,70,87,3014,265,247,1093,1340
Gujarat,208,46,108,96,204,402,141,199,196,395,144,54,94,75,169,82,22,42,25,67,4659,7,2123,4,2578,1942,4520,11551,5004,6486,4417,10903
Haryana,266,127,152,130,282,228,117,140,93,233,271,128,135,117,252,334,181,140,112,252,1122,18,451,16,217,573,790,8723,4053,2115,5438,7553
Himachal Pradesh,2,1,0,2,2,8,0,3,5,8,1,0,0,2,2,3,2,1,0,1,58,27,17,26,30,73,103,2801,1126,1298,3490,4788
Jammu and Kashmir,0,0,0,0,0,0,0,0,0,0,0,0,0,0,0,0,0,0,0,0,1573,14,274,20,1261,1146,2407,4223,722,2963,2162,5125
Jharkhand,262,186,121,37,158,252,181,204,27,231,243,179,124,31,155,166,128,79,16,95,1022,19,644,15,490,121,611,3272,2483,1986,582,2568
Karnataka,733,113,429,308,737,1080,150,604,479,1083,203,34,125,96,221,358,63,216,187,403,6756,5,1504,8,4232,2896,7128,31528,9094,21349,19526,40875
Kerala,858,103,648,240,888,1471,119,1133,400,1533,210,16,198,42,240,474,81,363,160,523,11160,3,1031,10,9091,3377,12468,26938,3090,21137,9266,30403
Madhya Pradesh,348,4,14,300,314,222,35,14,158,172,512,48,57,428,485,246,32,37,201,238,15079,1,2621,2,1740,13221,14961,34262,8509,5449,31197,36646
Maharashtra,666,118,405,201,606,241,47,138,54,192,276,63,146,71,217,161,36,99,53,152,2555,12,1017,11,1491,678,2169,29026,11507,16873,8419,25292
Manipur,9,1,0,14,14,19,3,7,26,33,6,0,0,8,8,7,0,2,14,16,123,22,23,24,37,140,177,508,129,238,569,807
Meghalaya,1,1,0,0,0,2,2,1,0,1,0,0,0,0,0,6,5,2,0,2,105,24,45,23,24,18,42,368,126,90,87,177
Mizoram,2,0,0,0,0,3,2,0,0,0,0,0,0,0,0,0,0,0,0,0,11,33,8,28,5,15,20,46,38,6,30,36
Nagaland,1,0,3,0,3,13,3,4,9,13,0,0,0,0,0,0,0,0,0,0,33,28,5,31,20,15,35,311,18,63,132,195
Orissa,452,200,256,123,379,494,213,278,125,403,364,167,201,85,286,197,84,130,71,201,1776,13,769,14,982,666,1648,7781,3900,4468,3792,8260
Punjab,660,499,310,96,406,497,339,176,79,255,569,409,214,64,278,407,296,209,71,280,527,20,303,19,185,42,227,3688,2679,1561,805,2366
Rajasthan,338,75,106,172,278,184,45,51,155,206,48,11,13,27,40,70,16,33,20,53,3902,9,1533,7,1049,2700,3749,18938,8883,5449,13204,18653
Sikkim,0,0,0,0,0,0,0,0,0,0,0,0,0,0,0,0,0,0,0,0,2,34,2,34,0,7,7,160,71,134,177,311
Tamil Nadu,647,126,140,596,736,302,79,57,272,329,540,110,90,476,566,1317,314,208,1070,1278,5840,6,1108,9,663,6199,6862,48582,8788,3718,53648,57366
Telangana,629,126,45,529,574,317,77,35,266,301,135,30,9,104,113,263,56,15,207,222,8432,4,2281,3,772,7581,8353,11794,4394,2002,10434,12436
Tripura,0,0,0,0,0,13,5,19,0,19,0,0,0,0,0,0,0,0,0,0,29,30,6,30,32,2,34,613,228,756,7,763
Uttarakhand,11,5,9,4,13,29,12,19,9,28,0,0,0,0,0,1,1,0,0,0,122,23,67,21,80,17,97,1189,782,1088,231,1319
Uttar Pradesh,869,385,384,292,676,2048,1010,853,564,1417,1548,709,653,435,1088,1250,625,525,315,840,12580,2,6556,1,5146,2928,8074,24277,13370,10942,5895,16837
West Bengal,345,128,317,39,356,942,440,775,145,920,153,72,137,24,161,50,39,34,19,53,3171,10,1892,5,2451,477,2928,5497,2929,4671,668,5339
Andaman and Nicobar Island,0,0,0,0,0,10,0,4,5,9,0,0,0,0,0,0,0,0,0,0,28,31,3,32,9,16,25,192,17,61,112,173
Chandigarh,58,18,3,80,83,1,0,2,0,2,0,0,0,0,0,9,4,0,11,11,16,32,3,32,0,11,11,221,79,12,156,168
Dadra and Nagar Haveli,35,28,33,0,33,17,11,25,0,25,0,0,0,0,0,0,0,0,0,0,0,35,0,35,0,0,0,16,10,32,15,47
Daman and Diu,0,0,0,0,0,0,0,0,0,0,0,0,0,0,0,0,0,0,0,0,30,29,10,27,18,8,26,39,18,30,18,48
Delhi,623,136,90,521,611,136,34,18,102,120,227,46,25,188,213,144,33,21,102,123,1543,15,391,18,193,1202,1395,2937,823,431,2259,2690
Lakshadweep,0,0,0,0,0,0,0,0,0,0,0,0,0,0,0,0,0,0,0,0,0,35,0,35,0,0,0,1,0,1,0,1
Puducherry,180,25,58,98,156,61,16,42,48,90,162,35,69,93,162,135,5,53,92,145,95,25,8,28,57,79,136,759,58,345,585,930
Total,9719,2839,4227,4663,8890,10425,3501,5324,3930,9254,6461,2439,2617,2841,5458,6239,2222,2488,3006,5494,92654,NA,28727,NA,36185,51304,87489,323504,111385,133295,201481,334776
 38 changes: 38 additions & 0 deletions38  
RA2019_A25.csv
Original file line number	Diff line number	Diff line change
@@ -0,0 +1,38 @@
States/UTs,Sunny/Clear - Total Accidents - Number,Sunny/Clear - Total Accidents - Rank,Sunny/Clear - Persons Killed - Number,Sunny/Clear - Persons Killed - Rank,Sunny/Clear - Persons Injured - Greviously Injured,Sunny/Clear - Persons Injured - Minor Injury,Sunny/Clear - Persons Injured - Total Injured ,Rainy - Total Accidents,Rainy - Persons Killed,Rainy - Persons Injured - Greviously Injured,Rainy - Persons Injured - Minor Injury,Rainy - Persons Injured - Total Injured ,Foggy and Misty - Total Accidents,Foggy and Misty - Persons Killed,Foggy and Misty - Persons Injured - Greviously Injured,Foggy and Misty - Persons Injured - Minor Injury,Foggy and Misty - Persons Injured - Total Injured ,Hail/Sleet - Total Accidents,Hail/Sleet - Persons Killed,Hail/Sleet - Persons Injured - Greviously Injured,Hail/Sleet - Persons Injured - Minor Injury,Hail/Sleet - Persons Injured - Total Injured ,Others - Total Accidents,Others - Persons Killed,Others - Persons Injured - Greviously Injured,Others - Persons Injured - Minor Injury,Others - Persons Injured - Total Injured 
Andhra Pradesh,17340,9,6317,8,4039,15619,19658,874,241,532,475,1007,1040,402,489,663,1152,138,40,130,47,177,2600,984,1100,1525,2625
Arunachal Pradesh,62,32,29,30,41,34,75,49,26,34,29,63,36,17,29,27,56,38,26,32,29,61,52,29,30,24,54
Assam,4322,15,1735,17,3287,457,3744,1862,660,1597,176,1773,1163,410,891,211,1102,201,48,164,20,184,802,355,515,155,670
Bihar,4217,16,3156,13,2987,138,3125,2203,1515,1465,91,1556,2781,1884,1978,100,2078,0,0,0,0,0,806,650,442,5,447
Chhattisgarh,9033,11,3209,12,1540,6726,8266,1535,520,315,1043,1358,885,288,171,769,940,54,25,7,89,96,2392,961,518,1912,2430
Goa,3131,19,276,23,245,1091,1336,309,21,20,92,112,0,0,0,0,0,0,0,0,0,0,0,0,0,0,0
Gujarat,15014,10,6462,7,8221,5896,14117,1364,656,875,596,1471,668,272,411,259,670,0,0,0,0,0,0,0,0,0,0
Haryana,4619,14,2347,16,836,3121,3957,1555,702,475,908,1383,1836,825,612,967,1579,394,173,370,211,581,2540,1010,606,1256,1862
Himachal Pradesh,2501,21,969,19,1195,2916,4111,183,64,64,325,389,16,8,7,29,36,9,7,4,22,26,164,98,62,280,342
Jammu and Kashmir,3838,17,594,22,2992,1596,4588,148,17,66,119,185,30,1,30,17,47,0,0,0,0,0,1780,384,1136,1576,2712
Jharkhand,2363,22,1602,18,1404,157,1561,828,699,601,132,733,657,525,448,172,620,195,194,128,154,282,1174,781,423,199,622
Karnataka,35753,2,9721,2,23394,20170,43564,3181,852,2448,2115,4563,1654,383,1069,1147,2216,70,2,44,60,104,0,0,0,0,0
Kerala,35197,3,3561,10,28068,11601,39669,4571,650,3513,1455,4968,1343,229,989,429,1418,0,0,0,0,0,0,0,0,0,0
Madhya Pradesh,34681,4,7596,6,4458,31671,36129,5549,1181,1126,4794,5920,2946,702,751,2400,3151,336,78,32,291,323,7157,1692,944,6349,7293
Maharashtra,31536,5,12311,1,18351,9066,27417,1186,400,691,343,1034,184,71,101,66,167,7,0,2,1,3,12,6,7,0,7
Manipur,394,26,99,26,170,438,608,148,32,51,179,230,75,11,23,108,131,10,3,2,15,17,45,11,38,31,69
Meghalaya,181,29,89,27,44,15,59,20,1,6,7,13,13,1,3,2,5,0,0,0,0,0,268,88,64,81,145
Mizoram,44,34,37,29,6,27,33,9,7,2,9,11,3,1,1,9,10,0,0,0,0,0,6,3,2,0,2
Nagaland,130,30,13,35,30,52,82,91,8,24,50,74,108,2,23,42,65,0,0,0,0,0,29,3,13,12,25
Orissa,6410,12,3212,11,3550,2809,6359,1810,723,1080,887,1967,1112,506,699,566,1265,485,216,297,160,457,1247,676,689,440,1129
Punjab,3416,18,2485,15,1378,690,2068,587,332,245,101,346,973,696,435,155,590,246,273,110,62,172,1126,739,487,149,636
Rajasthan,21428,6,9583,3,6105,14842,20947,355,133,61,273,334,350,210,110,268,378,5,1,7,8,15,1342,636,418,887,1305
Sikkim,79,31,26,31,87,107,194,21,12,10,19,29,22,18,12,18,30,8,5,8,18,26,32,12,17,22,39
Tamil Nadu,48302,1,8969,5,3070,54082,57152,2761,474,357,3170,3527,5935,1053,1438,4599,6037,22,0,0,30,30,208,29,11,380,391
Telangana,18171,7,5668,9,2390,16222,18612,66,20,8,54,62,309,138,119,213,332,77,26,14,60,74,2947,1112,347,2572,2919
Tripura,534,25,185,24,683,5,688,48,26,42,2,44,51,20,47,2,49,0,0,0,0,0,22,8,35,0,35
Uttarakhand,1087,23,694,21,966,219,1185,162,88,129,24,153,51,38,46,10,56,2,2,0,0,0,50,45,55,8,63
Uttar Pradesh,17703,8,9327,4,7719,4102,11821,7001,3781,3091,1834,4925,8031,4177,3425,1925,5350,1715,906,810,478,1288,8122,4464,3458,2090,5548
West Bengal,4951,13,2546,14,4060,745,4805,328,169,292,50,342,441,253,410,35,445,31,11,26,3,29,4407,2521,3597,539,4136
Andaman and Nicobar Island,182,28,17,34,59,105,164,48,3,15,28,43,0,0,0,0,0,0,0,0,0,0,0,0,0,0,0
Chandigarh,299,27,103,25,16,253,269,4,0,0,5,5,2,1,1,0,1,0,0,0,0,0,0,0,0,0,0
Dadra and Nagar Haveli,32,35,21,32,58,15,73,17,12,10,0,10,19,16,22,0,22,0,0,0,0,0,0,0,0,0,0
Daman and Diu,52,33,20,33,37,13,50,9,0,7,5,12,5,7,2,8,10,0,0,0,0,0,3,1,2,0,2
Delhi,2636,20,699,20,400,1977,2377,800,201,96,646,742,863,240,95,673,768,0,0,0,0,0,1311,323,187,1078,1265
Lakshadweep,1,36,0,36,1,0,1,0,0,0,0,0,0,0,0,0,0,0,0,0,0,0,0,0,0,0,0
Puducherry,656,24,87,28,297,475,772,143,14,84,105,189,0,0,0,0,0,0,0,0,0,0,593,46,243,415,658
Total,330295,NA,103765,NA,132184,207452,339636,39825,14240,19432,20141,39573,33602,13405,14887,15889,30776,4043,2036,2187,1758,3945,41237,17667,15446,21985,37431
 38 changes: 38 additions & 0 deletions38  
RA2019_A26.csv
Original file line number	Diff line number	Diff line change
@@ -0,0 +1,38 @@
States/UTs,Pedestrian - Number of Road Accidents,Pedestrian - Number of Persons - Killed,Pedestrian - Number of Persons - Greviously Injured,Pedestrian - Number of Persons - Minor Injured,Bicycles - Number of Road Accidents,Bicycles - Number of Persons - Killed,Bicycles - Number of Persons - Greviously Injured,Bicycles - Number of Persons - Minor Injured,Two Wheelers - Number of Road Accidents,Two Wheelers - Number of Persons - Killed,Two Wheelers - Number of Persons - Greviously Injured,Two Wheelers - Number of Persons - Minor Injured,Auto Rickshaws - Number of Road Accidents,Auto Rickshaws - Number of Persons - Killed,Auto Rickshaws - Number of Persons - Greviously Injured,Auto Rickshaws - Number of Persons - Minor Injured,"Cars, Taxis, Vans and LMV - Number of Road Accidents","Cars, Taxis, Vans and LMV - Number of Persons - Killed","Cars, Taxis, Vans and LMV - Number of Persons - Greviously Injured","Cars, Taxis, Vans and LMV - Number of Persons - Minor Injured",Trucks/Lorries - Number of Road Accidents,Trucks/Lorries - Number of Persons - Killed,Trucks/Lorries - Number of Persons - Greviously Injured,Trucks/Lorries - Number of Persons - Minor Injured,Buses - Number of Road Accidents,Buses - Number of Persons - Killed,Buses - Number of Persons - Greviously Injured,Buses - Number of Persons - Minor Injured,Other Non-motorized vehicle (E-rickshaw etc.) - Number of Road Accidents,Other Non-motorized vehicle (E-rickshaw etc.) - Number of Persons - Killed,Other Non-motorized vehicle (E-rickshaw etc.) - Number of Persons - Greviously Injured,Other Non-motorized vehicle (E-rickshaw etc.) - Number of Persons - Minor Injured,Others - Number of Road Accidents,Others - Number of Persons - Killed,Others - Number of Persons - Greviously Injured,Others - Number of Persons - Minor Injured,Total - Number of Road Accidents,Total - Number of Persons - Killed,Total - Number of Persons - Greviously Injured,Total - Number of Persons - Minor Injured
Andhra Pradesh,4275,1723,894,2064,279,94,87,232,9456,3352,2613,7334,1937,572,832,2968,2399,703,649,2229,1671,629,480,1210,634,213,301,1003,58,16,7,78,1283,682,427,1211,21992,7984,6290,18329
Arunachal Pradesh,18,8,7,3,0,0,0,0,30,26,27,24,12,6,19,8,59,27,38,31,21,9,11,22,20,4,21,27,17,6,3,5,60,41,40,23,237,127,166,143
Assam,1793,718,1186,138,260,106,204,21,2409,1031,1431,290,484,127,483,81,1429,528,1269,246,618,241,481,98,462,153,685,65,204,56,184,12,691,248,531,68,8350,3208,6454,1019
Bihar,1693,1259,840,110,659,419,402,26,4060,3135,2707,154,633,440,773,8,1332,932,1006,20,414,243,197,0,216,131,264,2,103,73,84,2,897,573,599,12,10007,7205,6872,334
Chhattisgarh,1439,578,229,767,600,173,101,377,6887,2894,1389,5520,392,51,77,394,1965,413,312,1356,1086,274,115,464,260,71,70,377,67,13,5,98,1203,536,253,1186,13899,5003,2551,10539
Goa,199,50,23,104,14,2,1,8,1757,186,183,620,37,1,0,23,1063,16,41,238,140,4,5,95,178,8,4,66,0,0,0,0,52,30,8,29,3440,297,265,1183
Gujarat,2745,1291,1161,628,238,84,108,58,6412,2755,3744,2309,1088,375,698,677,3349,1381,2069,1670,1877,817,871,692,511,200,465,438,96,41,87,26,730,446,304,253,17046,7390,9507,6751
Haryana,3131,1673,739,1432,187,103,27,268,3322,1614,823,2208,242,99,119,332,1346,589,451,1001,558,320,120,341,230,135,106,301,157,105,25,103,1771,419,489,477,10944,5057,2899,6463
Himachal Pradesh,672,192,289,341,16,5,6,6,542,288,549,686,8,2,12,23,1137,469,352,1540,232,59,56,245,142,81,40,674,0,0,0,0,124,50,28,57,2873,1146,1332,3572
Jammu and Kashmir,593,88,287,364,37,7,6,42,1510,171,925,588,85,14,59,75,2004,246,1251,1336,639,138,336,260,344,108,514,335,15,5,0,1,569,219,846,307,5796,996,4224,3308
Jharkhand,624,386,265,47,392,261,216,78,1235,1114,1074,227,403,235,388,101,642,497,409,99,615,426,238,51,206,125,155,73,93,71,19,34,1007,686,240,104,5217,3801,3004,814
Karnataka,6654,1880,3686,2638,208,48,128,81,15549,4466,11217,7948,2186,439,1602,1763,7870,1735,4698,5280,3072,858,1652,1727,2107,550,1672,2097,89,39,62,16,2923,943,2238,1942,40658,10958,26955,23492
Kerala,0,1257,7679,1942,1,99,792,182,16970,2362,19538,7046,3988,217,1707,1299,13354,365,1609,1823,2328,41,97,57,3534,46,745,949,0,0,1,0,936,53,402,187,41111,4440,32570,13485
Madhya Pradesh,7465,1569,1113,5690,831,121,132,709,19840,4474,3201,18027,2536,467,381,3138,8237,1631,1041,6985,4050,1042,573,2629,2220,459,366,2728,1216,347,117,1235,4274,1139,387,4364,50669,11249,7311,45505
Maharashtra,7294,2849,3774,1528,531,182,266,113,13330,5894,7769,3376,1908,457,1290,777,5306,2029,3248,1853,1964,627,830,476,1110,246,1213,944,102,5,0,1,1380,499,762,408,32925,12788,19152,9476
Manipur,136,32,40,94,28,5,7,20,181,42,96,216,46,6,16,77,177,32,63,303,78,30,40,38,12,3,12,13,1,1,0,3,13,5,10,7,672,156,284,771
Meghalaya,37,19,9,8,0,0,0,0,63,12,22,15,17,6,3,1,62,31,13,13,48,33,6,3,27,17,7,0,104,33,42,16,124,28,15,49,482,179,117,105
Mizoram,15,13,2,1,0,0,0,0,14,11,2,6,5,1,0,2,8,4,6,19,7,5,0,3,0,0,0,0,0,0,0,0,13,14,1,14,62,48,11,45
Nagaland,2,2,0,0,0,0,0,0,80,5,22,29,42,1,12,21,138,8,38,60,40,5,4,16,23,0,4,23,0,0,0,0,33,5,10,7,358,26,90,156
Odisha,1246,624,577,338,328,136,171,73,4688,2398,2397,1572,468,231,360,406,1539,661,1002,830,1361,595,718,565,573,267,512,441,329,115,224,217,532,306,354,420,11064,5333,6315,4862
Punjab,600,451,186,56,268,190,95,12,2833,1775,1169,548,546,373,259,104,1180,774,613,323,342,370,122,52,249,210,70,29,313,365,141,33,17,17,0,0,6348,4525,2655,1157
Rajasthan,1897,1443,709,1712,184,51,21,106,6146,2552,1843,3839,311,98,102,242,8088,3078,2256,5509,3315,1886,789,2155,1364,667,510,1560,3,0,1,2,2172,788,470,1153,23480,10563,6701,16278
Sikkim,17,4,13,7,0,0,0,0,0,0,0,0,0,0,0,0,38,8,39,34,0,1,0,0,0,0,0,0,0,0,0,0,107,60,82,143,162,73,134,184
Tamil Nadu,4121,1044,230,3628,594,230,107,485,23813,3537,1923,23879,2680,296,214,3473,15748,2620,1488,19038,5930,1663,537,6069,4342,1135,377,5689,0,0,0,0,0,0,0,0,57228,10525,4876,62261
Telangana,2529,1249,463,2576,133,71,18,89,7646,3017,1357,7442,1861,458,388,2312,4849,782,341,3370,1810,614,120,1425,1079,208,78,816,0,0,0,0,1663,565,113,1091,21570,6964,2878,19121
Tripura,260,65,190,2,19,13,16,2,165,89,185,0,44,14,97,1,105,32,237,3,34,14,49,0,23,7,30,1,0,0,0,0,5,5,3,0,655,239,807,9
Uttarakhand,380,206,201,48,40,29,14,2,564,342,396,71,29,20,35,15,128,70,155,37,40,18,31,1,15,7,43,4,11,9,1,10,145,166,320,73,1352,867,1196,261
Uttar Pradesh,3411,1772,1433,899,2469,1317,887,647,12896,6931,5343,2911,3286,1538,1511,1001,6873,3729,2881,1686,3934,2190,1824,888,2691,1403,1371,661,3156,1587,1539,854,3856,2188,1714,882,42572,22655,18503,10429
West Bengal,5005,2933,2807,222,689,352,429,39,1844,1030,1503,183,104,49,142,27,680,257,904,249,657,309,705,169,158,42,390,186,228,87,254,32,793,441,1251,265,10158,5500,8385,1372
Andaman and Nicobar Islands,56,6,20,39,6,0,3,4,105,13,39,58,9,0,4,3,22,0,5,12,13,0,1,3,16,1,2,13,0,0,0,0,3,0,0,1,230,20,74,133
Chandigarh,88,36,2,57,28,10,2,20,124,46,11,98,18,7,1,36,39,3,1,16,1,1,0,0,2,0,0,23,5,1,0,8,0,0,0,0,305,104,17,258
Dadra and Nagar Haveli,20,15,6,0,4,3,1,0,31,25,31,0,3,3,11,0,6,2,22,15,2,0,6,0,2,1,13,0,0,0,0,0,0,0,0,0,68,49,90,15
Daman and Diu,18,10,14,1,2,0,2,0,26,11,11,11,3,1,2,1,13,4,14,8,3,2,1,2,0,0,0,0,0,0,0,0,4,0,4,3,69,28,48,26
Delhi ,1161,364,206,653,239,67,30,163,1919,490,274,1376,281,51,51,240,910,233,107,802,166,62,15,102,128,27,13,119,427,90,38,363,379,79,44,556,5610,1463,778,4374
Lakshadweep,0,0,0,0,0,0,0,0,0,0,0,0,0,0,0,0,0,0,0,0,1,0,1,0,0,0,0,0,0,0,0,0,0,0,0,0,1,0,1,0
Puducherry,335,49,130,125,116,18,34,45,737,48,317,551,22,0,24,41,101,11,74,126,11,6,17,23,9,4,6,26,5,0,3,0,56,11,19,58,1392,147,624,995
Total ,59929,25858,29410,28262,9400,4196,4313,3908,167184,56136,74131,99162,25714,6655,11672,19670,92196,23900,28702,58160,37078,13532,11048,19881,22887,6529,10059,19683,6799,3065,2837,3149,27815,11242,11964,15350,449002,151113,184136,267225
 38 changes: 38 additions & 0 deletions38  
RA2019_A29.csv
Original file line number	Diff line number	Diff line change
@@ -0,0 +1,38 @@
States/Uts,Pedestrian - Male,Pedestrian - Female,Pedestrian - Total,Bicycles - Male,Bicycles - Female,Bicycles - Total,Two Wheelers - Male,Two Wheelers - Female,Two Wheelers - Total,Two Wheelers - Rank,Auto Rickshaws - Male,Auto Rickshaws - Female,Auto Rickshaws - Total,"Cars, taxies Vans andLMV - Male","Cars, taxies Vans andLMV - Female","Cars, taxies Vans andLMV - Total",Trucks/Lorries - Male,Trucks/Lorries - Female,Trucks/Lorries - Total,Buses - Male,Buses - Female,Buses - Total,Other non  Motor vehicles(E-Rickshaw) - Male,Other non  Motor vehicles(E-Rickshaw) - Female,Other non  Motor vehicles(E-Rickshaw) - Total,Others - Male,Others - Female,Others - Total
Andhra Pradesh,1331,392,1723,125,2,127,2888,399,3287,7,517,139,656,707,113,820,666,53,719,211,58,269,132,13,145,208,30,238
Arunachal Pradesh,6,2,8,2,0,2,17,8,25,29,3,3,6,17,9,26,10,0,10,3,1,4,46,0,46,0,0,0
Assam,593,125,718,99,7,106,944,87,1031,17,95,32,127,467,61,528,239,2,241,129,24,153,51,5,56,233,15,248
Bihar,1000,259,1259,350,69,419,2779,356,3135,8,353,87,440,794,138,932,220,23,243,95,36,131,67,6,73,478,95,573
Chhattisgarh,456,122,578,155,18,173,2613,281,2894,10,40,11,51,338,75,413,262,12,274,59,12,71,13,0,13,461,75,536
Goa,30,20,50,2,0,2,197,16,213,22,1,0,1,16,5,21,1,0,1,3,3,6,0,0,0,2,1,3
Gujarat,1015,276,1291,75,9,84,2434,321,2755,11,294,81,375,1134,247,1381,726,91,817,165,35,200,33,8,41,361,85,446
Haryana,1488,185,1673,100,3,103,1464,150,1614,15,85,14,99,488,101,589,308,12,320,114,21,135,84,21,105,347,72,419
Himachal Pradesh,146,46,192,4,1,5,263,25,288,21,1,1,2,406,63,469,58,1,59,48,33,81,47,3,50,0,0,0
Jammu and Kashmir,80,8,88,7,0,7,171,0,171,23,8,5,13,182,64,246,132,6,138,76,32,108,4,2,6,193,26,219
Jharkhand,302,84,386,199,62,261,1271,107,1378,16,255,64,319,434,61,495,379,11,390,100,11,111,0,0,0,421,40,461
Karnataka,1552,328,1880,50,1,51,4271,519,4790,3,397,118,515,1641,289,1930,799,55,854,447,84,531,12,0,12,351,44,395
Kerala,975,282,1257,99,0,99,2110,252,2362,13,181,36,217,290,75,365,41,0,41,31,15,46,0,0,0,39,14,53
Madhya Pradesh,1272,297,1569,110,11,121,3946,528,4474,4,337,130,467,1342,289,1631,961,81,1042,382,77,459,298,49,347,999,140,1139
Maharashtra,2344,505,2849,170,12,182,5290,604,5894,2,377,80,457,1793,236,2029,607,20,627,208,38,246,5,0,5,455,44,499
Manipur,20,12,32,4,1,5,40,2,42,27,4,2,6,26,6,32,28,2,30,3,0,3,1,0,1,5,0,5
Meghalaya,12,7,19,0,0,0,9,7,16,30,5,1,6,25,11,36,15,2,17,14,0,14,10,15,25,21,25,46
Mizoram,13,0,13,0,0,0,11,0,11,33,1,0,1,3,1,4,5,0,5,0,0,0,0,0,0,14,0,14
Nagaland,2,0,2,0,0,0,5,0,5,34,1,0,1,8,0,8,5,0,5,0,0,0,0,0,0,5,0,5
Orissa,500,124,624,122,14,136,2192,206,2398,12,194,37,231,587,74,661,564,31,595,217,50,267,107,8,115,275,31,306
Punjab,300,151,451,99,91,190,1200,575,1775,14,205,168,373,405,369,774,301,69,370,115,95,210,214,151,365,17,0,17
Rajasthan,1174,269,1443,49,2,51,3312,342,3654,5,173,32,205,2193,320,2513,1065,55,1120,382,78,460,0,0,0,996,121,1117
Sikkim,3,1,4,0,0,0,2,0,2,35,0,0,0,48,7,55,8,1,9,0,0,0,3,0,3,0,0,0
Tamil Nadu,632,412,1044,199,31,230,2898,639,3537,6,230,66,296,2324,296,2620,1623,40,1663,1033,102,1135,0,0,0,0,0,0
Telangana,957,292,1249,69,2,71,2685,332,3017,9,371,87,458,664,118,782,532,82,614,182,26,208,0,0,0,500,65,565
Tripura,53,12,65,13,0,13,83,6,89,24,11,3,14,27,5,32,12,2,14,7,0,7,0,0,0,5,0,5
Uttarakhand,167,39,206,23,1,24,270,46,316,20,20,1,21,163,36,199,50,4,54,9,2,11,7,0,7,27,2,29
Uttar Pradesh,1425,347,1772,1150,303,1453,6374,1031,7405,1,1287,301,1588,3363,650,4013,1962,135,2097,1367,311,1678,1795,320,2115,443,91,534
West Bengal,2450,483,2933,324,28,352,973,57,1030,18,51,21,72,230,27,257,593,77,670,145,21,166,0,0,0,18,2,20
Andaman and Nicobar Island,6,0,6,0,0,0,11,2,13,31,0,0,0,0,0,0,0,0,0,1,0,1,0,0,0,0,0,0
Chandigarh,25,11,36,8,2,10,41,5,46,26,5,2,7,3,0,3,1,0,1,0,0,0,1,0,1,0,0,0
Dadra and Nagar Haveli,11,4,15,3,0,3,25,3,28,28,3,0,3,0,0,0,0,0,0,0,0,0,0,0,0,0,0,0
Daman and Diu,7,3,10,0,0,0,11,1,12,32,1,0,1,4,0,4,1,0,1,0,0,0,0,0,0,0,0,0
Delhi,288,76,364,65,2,67,443,47,490,19,45,6,51,202,31,233,59,3,62,25,2,27,82,8,90,72,7,79
Lakshadweep,0,0,0,0,0,0,0,0,0,36,0,0,0,0,0,0,0,0,0,0,0,0,0,0,0,0,0,0
Puducherry,36,13,49,6,0,6,62,6,68,25,0,0,0,11,1,12,1,0,1,5,0,5,0,0,0,6,0,6
Total,20671,5187,25858,3681,672,4353,51305,6960,58265,NA,5551,1528,7079,20335,3778,24113,12234,870,13104,5576,1167,6743,3012,609,3621,6952,1025,7977
 38 changes: 38 additions & 0 deletions38  
RA2019_A29a.csv
Original file line number	Diff line number	Diff line change
@@ -0,0 +1,38 @@
State/Uts,Bicycles,Two Wheelers,Auto Rickshaws,"Cars, Taxis, Vans and LMV",Trucks/Lorries,Buses,Other Non-Motorizd Vehicles(E-rickshaw etc.),Others,Total
Andhra Pradesh,0,534,164,322,288,126,0,289,1723
Arunachal Pradesh,8,0,0,0,0,0,0,0,8
Assam,0,269,43,212,75,47,2,70,718
Bihar,0,296,45,345,296,67,2,208,1259
Chhattisgarh,1,160,7,85,88,9,2,226,578
Goa,0,12,1,22,8,7,0,0,50
Gujarat,1,246,74,359,271,78,14,248,1291
Haryana,0,254,76,484,215,97,113,434,1673
Himachal Pradesh,0,27,1,59,29,16,0,60,192
Jammu and Kashmir,0,20,0,40,2,3,0,23,88
Jharkhand,48,61,86,61,36,90,4,0,386
Karnataka,0,595,99,463,304,211,3,205,1880
Kerala,0,560,73,379,54,131,0,60,1257
Madhya Pradesh,23,389,50,363,312,109,73,250,1569
Maharashtra,0,685,168,665,460,129,1,741,2849
Manipur,0,4,0,15,9,2,0,2,32
Meghalaya,0,2,1,7,6,3,0,0,19
Mizoram,0,7,0,6,0,0,0,0,13
Nagaland,0,0,0,0,2,0,0,0,2
Orissa,0,195,26,145,103,37,2,116,624
Punjab,46,76,32,75,81,76,28,37,451
Rajasthan,0,662,2,475,94,177,0,33,1443
Sikkim,0,1,0,2,1,0,0,0,4
Tamil Nadu,1,327,74,394,156,92,0,0,1044
Telangana,0,290,66,263,192,112,0,326,1249
Tripura,0,25,9,18,9,4,0,0,65
Uttarakhand,0,34,4,54,46,32,1,35,206
Uttar Pradesh,67,406,162,389,296,164,229,59,1772
West Bengal,0,705,25,634,783,147,11,628,2933
Andaman and Nicobar Island,0,3,0,1,1,0,1,0,6
Chandigarh,0,9,0,14,5,2,0,6,36
Dadra and Nagar Haveli,0,7,3,2,2,0,0,1,15
Daman and Diu,0,2,0,3,2,0,0,3,10
Delhi,0,46,21,87,86,79,1,44,364
Lakshadweep,0,0,0,0,0,0,0,0,0
Puducherry,0,25,0,15,6,3,0,0,49
Total,195,6934,1312,6458,4318,2050,487,4104,25858
 38 changes: 38 additions & 0 deletions38  
RA2019_A29c.csv
Original file line number	Diff line number	Diff line change
@@ -0,0 +1,38 @@
State/Uts,Bicycles,Two Wheelers,Auto Rickshaws,"Cars, Taxis, Vans and LMV",Trucks/Lorries,Buses,Other Non-Motorizd Vehicles(E-rickshaw etc.),Others,Total
Andhra Pradesh,0,1190,313,581,669,252,4,343,3352
Arunachal Pradesh,0,26,0,0,0,0,0,0,26
Assam,0,225,50,408,153,105,1,89,1031
Bihar,0,557,108,784,1106,181,0,399,3135
Chhattisgarh,1,1024,9,371,697,99,28,665,2894
Goa,0,131,1,23,16,11,0,4,186
Gujarat,2,1012,141,663,564,135,13,225,2755
Haryana,3,235,37,581,319,84,144,211,1614
Himachal Pradesh,0,167,0,42,45,12,0,22,288
Jammu and Kashmir,0,70,11,45,2,22,0,21,171
Jharkhand,602,22,319,56,38,59,18,0,1114
Karnataka,0,1665,175,1024,797,499,9,297,4466
Kerala,0,1178,67,426,293,320,0,78,2362
Madhya Pradesh,32,1823,185,859,748,239,250,338,4474
Maharashtra,0,1768,208,1381,1067,206,40,1224,5894
Manipur,0,10,2,11,15,1,0,3,42
Meghalaya,0,12,0,0,0,0,0,0,12
Mizoram,0,4,0,1,4,2,0,0,11
Nagaland,0,0,0,3,1,1,0,0,5
Orissa,8,965,125,441,496,150,25,188,2398
Punjab,93,217,18,695,277,158,147,170,1775
Rajasthan,0,1409,9,740,192,180,0,22,2552
Sikkim,0,0,0,0,0,0,0,0,0
Tamil Nadu,38,1449,120,1010,566,354,0,0,3537
Telangana,3,1443,109,502,749,201,0,10,3017
Tripura,0,50,11,13,12,0,0,3,89
Uttarakhand,0,43,3,70,123,41,0,62,342
Uttar Pradesh,186,2207,459,1320,1312,608,703,136,6931
West Bengal,0,141,12,236,340,81,1,219,1030
Andaman and Nicobar Island,0,4,0,1,4,2,2,0,13
Chandigarh,0,4,1,16,9,5,1,10,46
Dadra and Nagar Haveli,0,4,0,12,8,1,0,0,25
Daman and Diu,0,7,0,1,2,0,0,1,11
Delhi,0,107,27,146,93,68,0,49,490
Lakshadweep,0,0,0,0,0,0,0,0,0
Puducherry,0,21,0,18,6,3,0,0,48
Total,968,19190,2520,12480,10723,4080,1386,4789,56136
 38 changes: 38 additions & 0 deletions38  
RA2019_A32.csv
Original file line number	Diff line number	Diff line change
@@ -0,0 +1,38 @@
State/UT,Less than 18 years - Male,Less than 18 years - Female,18-25 Years - Male,18-25 Years - Female,25-35 Years - Male,25-35 Years - Female,35-45 Years - Male,35-45 Years - Female,45-60 Years - Male,45-60 Years - Female,60 and Above - Male,60 and Above - Female,Age not known - Male,Age not known - Female
Andhra Pradesh,192,61,493,119,534,147,506,178,294,143,146,49,17,11
Arunachal Pradesh,0,0,7,4,17,6,11,3,2,4,0,0,0,0
Assam,69,15,288,47,333,43,257,39,156,16,36,7,32,7
Bihar,285,86,515,112,649,167,612,165,439,125,232,50,0,0
Chhattisgarh,146,54,353,73,365,114,243,89,134,63,63,25,14,10
Goa,2,2,4,3,8,2,8,4,5,5,5,4,0,0
Gujarat,140,56,475,153,645,218,620,209,321,121,64,47,8,11
Haryana,64,23,191,49,243,58,175,55,93,42,45,16,134,45
Himachal Pradesh,34,19,87,24,85,21,53,17,44,29,20,10,0,0
Jammu and Kashmir,50,26,176,64,177,30,0,7,2,1,0,0,8,0
Jharkhand,191,16,252,44,201,56,178,32,133,33,129,37,127,36
Karnataka,188,100,637,153,960,245,973,278,523,216,176,76,0,0
Kerala,77,25,182,22,107,23,91,44,117,121,94,93,8,6
Madhya Pradesh,329,120,935,162,1057,309,855,287,551,193,199,62,106,24
Maharashtra,134,36,609,149,812,248,733,249,430,157,124,33,82,12
Manipur,1,1,5,1,14,2,16,4,4,1,1,0,0,0
Meghalaya,0,0,1,2,20,14,23,12,7,5,1,0,0,0
Mizoram,4,0,3,0,4,0,1,0,0,0,0,0,0,0
Nagaland,0,0,6,0,1,0,0,0,0,0,0,0,0,0
Orissa,110,29,443,95,633,104,410,80,252,59,74,16,36,1
Punjab,95,268,265,353,198,159,102,189,110,50,153,29,0,0
Rajasthan,211,89,1105,237,1227,295,832,187,412,75,64,13,0,1
Sikkim,1,1,9,1,13,3,7,1,5,0,1,0,0,0
Tamil Nadu,730,123,974,178,951,197,892,213,823,130,134,61,0,0
Telangana,107,41,411,101,637,197,518,175,318,120,121,43,8,1
Tripura,5,0,9,2,15,3,14,6,21,3,4,0,0,0
Uttarakhand,25,9,37,8,74,23,54,15,36,13,14,5,6,1
Uttar Pradesh,931,320,1838,533,1807,459,1523,447,1038,258,429,106,220,61
West Bengal,42,16,161,30,195,51,170,37,150,35,55,12,21,7
Andaman and Nicobar Islands,0,0,2,1,0,0,1,1,0,0,0,0,0,0
Chandigarh,0,1,3,1,2,2,2,0,0,0,0,0,0,0
Dadra and Nagar Haveli,1,0,3,0,3,2,1,1,0,0,0,0,0,0
Daman and Diu,1,0,0,0,4,0,1,0,1,0,0,0,0,0
Delhi,14,5,51,20,59,13,68,12,34,15,14,1,7,3
Lakshadweep,0,0,0,0,0,0,0,0,0,0,0,0,0,0
Puducherry,0,0,6,2,5,3,6,0,7,1,0,0,0,0
Total ,4179,1542,10536,2743,12055,3214,9956,3036,6462,2034,2398,795,834,237
 38 changes: 38 additions & 0 deletions38  
RA2019_A33.csv
Original file line number	Diff line number	Diff line change
@@ -0,0 +1,38 @@
State/UT,Less than 18 years - Killed - Male,Less than 18 years - Killed - Female,18-25 Years - Killed - Male,18-25 Years - Killed - Female,25-35 Years - Killed - Male,25-35 Years - Killed - Female,35-45 Years - Killed - Male,35-45 Years - Killed - Female,45-60 Years - Killed - Male,45-60 Years - Killed - Female,60 and Above - Killed - Male,60 and Above - Killed - Female,Age not known - Killed - Male,Age not known - Killed - Female
Andhra pradesh,63,26,124,41,261,58,302,71,333,105,231,84,17,7
Arunachal Pradesh,0,0,0,0,3,1,3,1,0,0,0,0,0,0
Assam,59,14,117,26,145,29,130,26,100,23,30,6,12,1
Bihar,138,47,171,33,209,42,209,65,185,53,88,19,0,0
Chhattisgarh,28,14,84,14,108,22,119,29,65,19,42,20,10,4
Goa,1,1,2,1,5,2,3,2,10,4,9,10,0,0
Gujarat,48,19,115,25,278,59,257,54,223,52,85,54,17,5
Haryana,59,14,216,24,285,20,233,21,172,30,57,13,466,63
Himachal Pradesh,13,6,15,5,22,3,36,5,26,13,34,14,0,0
Jammu and Kashmir,0,0,20,0,42,2,3,3,15,3,0,0,0,0
Jharkhand,45,9,11,13,46,11,69,19,70,12,7,9,54,11
Karnataka,67,31,171,17,273,39,375,66,418,97,248,78,0,0
Kerala,21,9,10,6,39,7,70,13,284,80,531,166,20,1
Madhya Pradesh,123,54,230,34,291,51,258,50,190,57,107,32,79,13
Maharashtra,92,42,318,37,542,110,616,106,467,122,227,74,82,14
Manipur,5,4,2,0,3,2,3,2,3,2,1,2,2,1
Meghalaya,0,0,4,2,5,3,2,2,1,0,0,0,0,0
Mizoram,2,0,0,0,1,0,5,0,5,0,0,0,0,0
Nagaland,0,0,1,0,0,0,0,0,0,0,1,0,0,0
Orissa,20,8,102,31,111,24,85,29,135,22,41,9,6,1
Punjab,55,25,25,12,88,38,51,31,45,29,36,16,0,0
Rajasthan,77,23,261,71,373,79,271,55,160,29,28,12,4,0
Sikkim,0,0,0,0,1,0,0,0,1,0,1,1,0,0
Tamil Nadu,16,12,53,42,86,45,127,91,208,119,142,103,0,0
Telangana,49,28,98,23,208,53,215,70,242,77,144,41,1,0
Tripura,4,0,12,5,15,2,10,3,7,1,5,1,0,0
Uttarakhand,9,8,30,3,41,10,50,7,27,5,7,6,3,0
Uttar Pradesh,162,59,342,80,321,73,255,60,190,41,96,23,59,11
West Bengal,150,75,275,20,485,47,558,94,717,153,211,83,54,11
Andaman and Nicobar Islands,0,0,0,0,2,0,1,0,2,0,1,0,0,0
Chandigarh,1,5,1,1,3,1,3,1,8,0,9,3,0,0
Dadra and Nagar Haveli,2,0,1,0,1,0,0,1,2,1,5,2,0,0
Daman and Diu,2,0,2,0,1,1,0,2,1,0,1,0,0,0
Delhi,19,12,67,13,65,14,55,11,45,14,24,11,13,1
Lakshadweep,0,0,0,0,0,0,0,0,0,0,0,0,0,0
Puducherry,3,1,9,5,7,2,3,4,9,1,5,0,0,0
Total ,1333,546,2889,584,4366,850,4377,994,4366,1164,2454,892,899,144
 38 changes: 38 additions & 0 deletions38  
RA2019_A35.csv
Original file line number	Diff line number	Diff line change
@@ -0,0 +1,38 @@
States/UTs,Over-Speeding - Number of Accidents - Number,Over-Speeding - Number of Accidents - Rank,Over-Speeding - Persons Killed - Number,Over-Speeding - Persons Killed - Rank,Over-Speeding - Persons Injured - Greviously Injured,Over-Speeding - Persons Injured - Minor Injury,Over-Speeding - Persons Injured - Total Injured,Drunken Driving/ Consumption of alcohol and drug  - Number of Accidents,Drunken Driving/ Consumption of alcohol and drug  - Persons Killed,Drunken Driving/ Consumption of alcohol and drug  - Persons Injured - Greviously Injured,Drunken Driving/ Consumption of alcohol and drug  - Persons Injured - Minor Injury,Drunken Driving/ Consumption of alcohol and drug  - Persons Injured - Total Injured,Driving on Wrong side - Number of Accidents,Driving on Wrong side - Persons Killed,Driving on Wrong side - Persons Injured - Greviously Injured,Driving on Wrong side - Persons Injured - Minor Injury,Driving on Wrong side - Persons Injured - Total Injured,Jumping Red Light - Number of Accidents,Jumping Red Light - Persons Killed,Jumping Red Light - Persons Injured - Greviously Injured,Jumping Red Light - Persons Injured - Minor Injury,Jumping Red Light - Persons Injured - Total Injured,Use of Mobile Phone - Number of Accidents,Use of Mobile Phone - Persons Killed,Use of Mobile Phone - Persons Injured - Greviously Injured,Use of Mobile Phone - Persons Injured - Minor Injury,Use of Mobile Phone - Persons Injured - Total Injured,Others - Number of Accidents,Others - Persons Killed,Others - Persons Injured - Greviously Injured,Others - Persons Injured - Minor Injury,Others - Persons Injured - Total Injured
Andhra Pradesh,15382,9,5530,9,4806,12038,16844,127,43,48,96,144,509,155,277,361,638,37,22,11,13,24,96,29,26,108,134,5841,2205,1122,5713,6835
Arunachal Pradesh,76,31,41,30,50,39,89,46,27,34,36,70,57,28,42,35,77,0,0,0,0,0,43,23,36,31,67,15,8,4,2,6
Assam,6322,14,2426,15,5225,800,6025,279,74,273,33,306,929,363,528,97,625,136,29,110,18,128,99,40,69,30,99,585,276,249,41,290
Bihar,5130,16,3815,11,3684,163,3847,0,0,0,0,0,1465,1034,1029,57,1086,0,0,0,0,0,182,149,125,5,130,3230,2207,2034,109,2143
Chhattisgarh,12139,11,4440,10,2131,9501,11632,134,34,51,61,112,760,197,287,499,786,22,2,4,14,18,24,9,5,5,10,820,321,73,459,532
Goa,2979,19,233,23,211,1017,1228,6,1,0,0,0,100,19,37,85,122,0,0,0,0,0,0,0,0,0,0,355,44,17,81,98
Gujarat,14464,10,6343,8,7894,5504,13398,47,17,18,16,34,607,225,412,300,712,8,4,2,2,4,122,40,64,54,118,1798,761,1117,875,1992
Haryana,7224,13,3640,13,1604,4345,5949,299,132,115,165,280,959,418,512,510,1022,257,142,261,136,397,539,243,332,86,418,1666,482,75,1221,1296
Himachal Pradesh,1932,21,673,21,818,2085,2903,75,24,31,75,106,715,341,397,1134,1531,0,0,0,0,0,18,3,11,16,27,133,105,75,262,337
Jammu and Kashmir,5699,15,980,18,4093,3308,7401,25,5,44,0,44,72,11,87,0,87,0,0,0,0,0,0,0,0,0,0,0,0,0,0,0
Jharkhand,3035,18,2195,16,1586,393,1979,686,578,305,77,382,343,234,201,78,279,74,33,78,29,107,128,80,86,21,107,951,681,748,216,964
Karnataka,33012,3,9140,2,20992,17422,38414,132,37,62,104,166,1131,248,765,755,1520,59,7,33,27,60,31,2,15,35,50,6293,1524,5088,5149,10237
Kerala,29281,4,2928,14,23559,9775,33334,104,20,46,57,103,1449,131,1120,671,1791,70,5,51,35,86,27,0,26,2,28,10180,1356,7768,2945,10713
Madhya Pradesh,40066,2,9341,1,5947,36095,42042,1030,241,152,887,1039,2814,555,606,2346,2952,113,12,11,107,118,896,181,63,909,972,5750,919,532,5161,5693
Maharashtra,20045,6,8175,6,11947,5365,17312,258,53,128,152,280,553,154,388,183,571,48,4,35,11,46,100,13,67,33,100,11921,4389,6587,3732,10319
Manipur,378,26,97,27,146,451,597,81,12,15,131,146,23,7,1,32,33,8,0,0,15,15,37,2,4,62,66,145,38,118,80,198
Meghalaya,172,28,61,28,49,33,82,23,4,4,11,15,26,13,5,7,12,11,7,2,1,3,19,10,3,5,8,231,84,54,48,102
Mizoram,32,35,27,32,4,27,31,17,12,4,6,10,5,5,1,1,2,0,0,0,0,0,0,0,0,0,0,8,4,2,11,13
Nagaland,131,29,12,34,44,69,113,132,7,32,57,89,82,7,14,23,37,0,0,0,0,0,13,0,0,7,7,0,0,0,0,0
Orissa,7632,12,3808,12,4364,3367,7731,1068,507,620,378,998,1040,445,581,654,1235,97,32,58,42,100,492,205,339,222,561,735,336,353,199,552
Punjab,1211,22,905,19,598,231,829,1290,889,694,365,1059,1455,987,637,347,984,1079,846,587,159,746,1296,881,139,55,194,17,17,0,0,0
Rajasthan,19889,7,9050,3,5438,13343,18781,262,83,75,238,313,1130,478,339,800,1139,32,13,21,14,35,158,63,54,163,217,2009,876,774,1720,2494
Sikkim,77,30,32,31,57,40,97,19,7,8,11,19,19,3,9,52,61,0,0,0,0,0,0,0,0,0,0,47,31,60,81,141
Tamil Nadu,46878,1,8832,4,3136,52279,55415,1047,157,221,1025,1246,2325,402,273,2364,2637,1068,226,292,762,1054,1047,165,188,1045,1233,4863,743,766,4786,5552
Telangana,20669,5,6739,7,2584,18737,21321,246,68,9,206,215,119,23,5,135,140,32,2,0,19,19,7,1,0,6,6,497,131,280,18,298
Tripura,588,25,209,24,729,6,735,19,3,27,2,29,28,15,36,1,37,0,0,0,0,0,0,0,0,0,0,20,12,15,0,15
Uttarakhand,983,23,591,22,737,195,932,25,17,18,6,24,102,52,90,17,107,0,0,0,0,0,51,50,92,6,98,191,157,259,37,296
Uttar Pradesh,15934,8,8398,5,6613,3694,10307,4496,2224,1979,1091,3070,4988,2517,2240,1366,3606,874,297,388,292,680,4882,2699,2179,1126,3305,11398,6520,5104,2860,7964
West Bengal,3862,17,2050,17,3341,562,3903,8,3,6,0,6,114,44,137,21,158,18,10,15,0,15,14,4,10,3,13,6142,3389,4876,786,5662
Andaman and Nicobar Islands,40,34,3,35,17,21,38,41,1,12,24,36,6,0,6,2,8,0,0,0,0,0,0,0,0,0,0,143,16,39,86,125
Chandigarh,282,27,99,26,17,242,259,8,0,0,8,8,3,1,0,2,2,12,4,0,6,6,0,0,0,0,0,0,0,0,0,0
Dadra and Nagar Haveli,67,32,49,29,90,15,105,1,0,0,0,0,0,0,0,0,0,0,0,0,0,0,0,0,0,0,0,0,0,0,0,0
Daman and Diu,61,33,27,32,42,24,66,4,0,2,2,4,2,1,1,0,1,0,0,0,0,0,2,0,3,0,3,0,0,0,0,0
Delhi,2448,20,713,20,287,1806,2093,215,45,29,173,202,369,69,42,417,459,371,100,51,269,320,199,53,15,158,173,2008,483,354,1551,1905
Lakshadweep,0,36,0,36,0,0,0,0,0,0,0,0,0,0,0,0,0,0,0,0,0,0,0,0,0,0,0,1,0,1,0,1
Puducherry,908,24,121,25,336,682,1018,6,0,3,6,9,132,19,60,111,171,17,0,10,15,25,0,0,0,0,0,329,7,215,181,396
Total,319028,NA,101723,NA,123176,203674,326850,12256,5325,5065,5499,10564,24431,9201,11165,13463,24628,4443,1797,2020,1986,4006,10522,4945,3951,4193,8144,78322,28122,38759,38410,77169
